trip_id,arrival_time,departure_time,stop_id,stop_sequence,stop_headsign,pickup_type,drop_off_type,shape_dist_traveled
10,05:45:00,06:00:00,3,1,,0,0,
10,06:05:00,06:20:00,4,2,,0,0,
100,14:05:00,14:15:00,1,1,,0,0,
100,14:20:00,14:30:00,2,2,,0,0,
101,14:35:00,14:45:00,1,1,,0,0,
101,14:50:00,15:00:00,2,2,,0,0,
102,15:05:00,15:15:00,1,1,,0,0,
102,15:20:00,15:30:00,2,2,,0,0,
103,15:35:00,15:45:00,1,1,,0,0,
103,15:50:00,16:00:00,2,2,,0,0,
104,16:05:00,16:15:00,1,1,,0,0,
104,16:20:00,16:30:00,2,2,,0,0,
105,16:35:00,16:45:00,1,1,,0,0,
105,16:50:00,17:00:00,2,2,,0,0,
106,17:05:00,17:15:00,1,1,,0,0,
106,17:20:00,17:30:00,2,2,,0,0,
107,17:35:00,17:45:00,1,1,,0,0,
107,17:50:00,18:00:00,2,2,,0,0,
108,18:05:00,18:15:00,1,1,,0,0,
108,18:20:00,18:30:00,2,2,,0,0,
109,18:35:00,18:45:00,1,1,,0,0,
109,18:50:00,19:00:00,2,2,,0,0,
11,06:05:00,06:20:00,4,1,,0,0,
11,06:25:00,06:30:00,3,2,,0,0,
110,19:05:00,19:15:00,1,1,,0,0,
110,19:20:00,19:30:00,2,2,,0,0,
111,19:35:00,19:45:00,1,1,,0,0,
111,19:50:00,20:00:00,2,2,,0,0,
112,20:05:00,20:15:00,1,1,,0,0,
112,20:20:00,20:30:00,2,2,,0,0,
113,20:35:00,20:45:00,1,1,,0,0,
113,20:50:00,21:00:00,2,2,,0,0,
114,21:05:00,21:15:00,1,1,,0,0,
114,21:20:00,21:30:00,2,2,,0,0,
12,12:25:00,13:00:00,3,1,,0,0,
12,13:05:00,13:15:00,4,2,,0,0,
123,21:35:00,21:45:00,4,1,,0,0,
123,21:50:00,22:00:00,3,2,,0,0,
124,07:25:00,07:40:00,3,1,,0,0,
124,07:45:00,07:50:00,4,2,,0,0,
125,07:45:00,07:50:00,4,1,,0,0,
125,07:55:00,08:00:00,3,2,,0,0,
126,22:05:00,22:15:00,4,1,,0,0,
126,22:20:00,22:30:00,3,2,,0,0,
127,21:20:00,22:30:00,3,1,,0,0,
127,22:35:00,22:45:00,4,2,,0,0,
128,08:09:00,08:10:00,3,1,,0,0,
128,08:15:00,08:20:00,4,2,,0,0,
129,08:15:00,08:20:00,4,1,,0,0,
129,08:25:00,08:40:00,3,2,,0,0,
13,21:05:00,21:15:00,4,1,,0,0,
13,21:20:00,21:30:00,3,2,,0,0,
130,08:25:00,08:40:00,3,1,,0,0,
130,08:45:00,08:50:00,4,2,,0,0,
131,08:45:00,08:50:00,4,1,,0,0,
131,08:55:00,09:10:00,3,2,,0,0,
132,08:55:00,09:10:00,3,1,,0,0,
132,09:15:00,09:20:00,4,2,,0,0,
133,09:15:00,09:20:00,4,1,,0,0,
133,09:25:00,09:40:00,3,2,,0,0,
134,09:25:00,09:40:00,3,1,,0,0,
134,09:45:00,09:50:00,4,2,,0,0,
135,09:45:00,09:50:00,4,1,,0,0,
135,09:55:00,10:10:00,3,2,,0,0,
136,09:55:00,10:10:00,3,1,,0,0,
136,10:15:00,10:20:00,4,2,,0,0,
137,10:15:00,10:20:00,4,1,,0,0,
137,10:25:00,10:40:00,3,2,,0,0,
138,10:25:00,10:40:00,3,1,,0,0,
138,10:45:00,10:50:00,4,2,,0,0,
139,10:45:00,10:50:00,4,1,,0,0,
139,10:55:00,11:10:00,3,2,,0,0,
14,20:20:00,21:30:00,3,1,,0,0,
14,21:35:00,21:45:00,4,2,,0,0,
140,10:55:00,11:10:00,3,1,,0,0,
140,11:15:00,11:20:00,4,2,,0,0,
141,11:15:00,11:20:00,4,1,,0,0,
141,11:25:00,11:40:00,3,2,,0,0,
142,11:25:00,11:40:00,3,1,,0,0,
142,11:45:00,11:50:00,4,2,,0,0,
143,11:45:00,11:50:00,4,1,,0,0,
143,11:55:00,12:10:00,3,2,,0,0,
144,11:55:00,12:10:00,3,1,,0,0,
144,12:15:00,12:20:00,4,2,,0,0,
145,12:15:00,12:20:00,4,1,,0,0,
145,12:25:00,12:40:00,3,2,,0,0,
146,22:35:00,22:45:00,4,1,,0,0,
146,22:50:00,22:50:00,3,2,,0,0,
147,12:35:00,13:15:00,4,1,,0,0,
147,13:20:00,13:30:00,3,2,,0,0,
148,13:20:00,13:30:00,3,1,,0,0,
148,13:35:00,13:45:00,4,2,,0,0,
149,13:35:00,13:45:00,4,1,,0,0,
149,13:50:00,14:00:00,3,2,,0,0,
15,06:55:00,07:00:00,2,1,,0,0,
15,07:05:00,07:15:00,1,2,,0,0,
150,13:55:00,14:00:00,3,1,,0,0,
150,14:05:00,14:15:00,4,2,,0,0,
151,14:05:00,14:15:00,4,1,,0,0,
151,14:20:00,14:30:00,3,2,,0,0,
152,14:25:00,14:30:00,3,1,,0,0,
152,14:35:00,14:45:00,4,2,,0,0,
153,14:35:00,14:45:00,4,1,,0,0,
153,14:50:00,15:00:00,3,2,,0,0,
154,14:55:00,15:00:00,3,1,,0,0,
154,15:05:00,15:15:00,4,2,,0,0,
155,15:05:00,15:15:00,4,1,,0,0,
155,15:20:00,15:30:00,3,2,,0,0,
156,15:25:00,15:30:00,3,1,,0,0,
156,15:35:00,15:45:00,4,2,,0,0,
157,15:35:00,15:45:00,4,1,,0,0,
157,15:50:00,16:00:00,3,2,,0,0,
158,15:55:00,16:00:00,3,1,,0,0,
158,16:05:00,16:15:00,4,2,,0,0,
159,16:05:00,16:15:00,4,1,,0,0,
159,16:20:00,16:30:00,3,2,,0,0,
16,07:25:00,07:30:00,2,1,,0,0,
16,07:35:00,07:45:00,1,2,,0,0,
160,16:25:00,16:35:00,3,1,,0,0,
160,16:40:00,16:45:00,4,2,,0,0,
161,16:35:00,16:45:00,4,1,,0,0,
161,16:50:00,17:00:00,3,2,,0,0,
162,16:55:00,17:00:00,3,1,,0,0,
162,17:05:00,17:15:00,4,2,,0,0,
163,17:05:00,17:15:00,4,1,,0,0,
163,17:20:00,17:30:00,3,2,,0,0,
164,17:25:00,17:30:00,3,1,,0,0,
164,17:35:00,17:45:00,4,2,,0,0,
165,17:35:00,17:45:00,4,1,,0,0,
165,17:50:00,18:00:00,3,2,,0,0,
166,17:55:00,18:00:00,3,1,,0,0,
166,18:05:00,18:15:00,4,2,,0,0,
167,18:05:00,18:15:00,4,1,,0,0,
167,18:20:00,18:30:00,3,2,,0,0,
168,18:25:00,18:30:00,3,1,,0,0,
168,18:35:00,18:45:00,4,2,,0,0,
169,18:35:00,18:45:00,4,1,,0,0,
169,18:50:00,19:00:00,3,2,,0,0,
17,07:55:00,08:00:00,2,1,,0,0,
17,08:05:00,08:15:00,1,2,,0,0,
170,18:55:00,19:00:00,3,1,,0,0,
170,19:05:00,19:15:00,4,2,,0,0,
171,19:05:00,19:15:00,4,1,,0,0,
171,19:20:00,19:30:00,3,2,,0,0,
172,19:25:00,19:30:00,3,1,,0,0,
172,19:35:00,19:45:00,4,2,,0,0,
173,19:35:00,19:45:00,4,1,,0,0,
173,19:50:00,20:00:00,3,2,,0,0,
174,19:55:00,20:00:00,3,1,,0,0,
174,20:05:00,20:15:00,4,2,,0,0,
175,20:05:00,20:15:00,4,1,,0,0,
175,20:20:00,20:30:00,3,2,,0,0,
176,20:25:00,20:30:00,3,1,,0,0,
176,20:35:00,20:45:00,4,2,,0,0,
177,20:35:00,20:45:00,4,1,,0,0,
177,20:50:00,21:00:00,3,2,,0,0,
178,20:55:00,21:00:00,3,1,,0,0,
178,21:05:00,21:30:00,4,2,,0,0,
179,05:50:00,06:00:00,5,1,,0,0,
179,06:05:00,06:25:00,6,2,,0,0,
18,05:15:00,05:30:00,3,1,,0,0,
18,05:35:00,05:40:00,4,2,,0,0,
180,21:35:00,22:00:00,3,1,,0,0,
180,22:05:00,22:20:00,4,2,,0,0,
181,06:30:00,07:00:00,5,1,,0,0,
181,07:05:00,07:20:00,6,2,,0,0,
182,07:25:00,08:00:00,5,1,,0,0,
182,08:05:00,08:20:00,6,2,,0,0,
183,12:15:00,13:10:00,5,1,,0,0,
183,13:15:00,13:30:00,6,2,,0,0,
184,20:25:00,20:40:00,5,1,,0,0,
184,20:45:00,20:50:00,6,2,,0,0,
185,20:55:00,21:00:00,5,1,,0,0,
185,21:05:00,21:20:00,6,2,,0,0,
186,21:25:00,21:30:00,5,1,,0,0,
186,21:35:00,21:50:00,6,2,,0,0,
187,21:55:00,22:00:00,5,1,,0,0,
187,22:05:00,22:25:00,6,2,,0,0,
188,22:24:00,22:30:00,5,1,,0,0,
188,22:35:00,22:40:00,6,2,,0,0,
189,07:05:00,07:20:00,6,1,,0,0,
189,07:25:00,08:00:00,5,2,,0,0,
19,08:25:00,08:30:00,2,1,,0,0,
19,08:35:00,08:45:00,1,2,,0,0,
190,12:05:00,12:10:00,6,1,,0,0,
190,12:15:00,13:10:00,5,2,,0,0,
191,20:05:00,20:20:00,6,1,,0,0,
191,20:25:00,21:40:00,5,2,,0,0,
192,20:45:00,20:50:00,6,1,,0,0,
192,20:55:00,21:00:00,5,2,,0,0,
193,21:05:00,21:20:00,6,1,,0,0,
193,21:25:00,21:30:00,5,2,,0,0,
194,21:35:00,21:50:00,6,1,,0,0,
194,21:55:00,22:00:00,5,2,,0,0,
195,22:35:00,22:40:00,6,1,,0,0,
195,22:45:00,22:45:00,5,2,,0,0,
20,05:35:00,05:40:00,4,1,,0,0,
20,05:45:00,06:00:00,3,2,,0,0,
21,08:55:00,09:00:00,2,1,,0,0,
21,09:05:00,09:15:00,1,2,,0,0,
22,09:25:00,09:30:00,2,1,,0,0,
22,09:35:00,09:45:00,1,2,,0,0,
23,09:55:00,10:00:00,2,1,,0,0,
23,10:05:00,10:15:00,1,2,,0,0,
24,10:25:00,10:30:00,2,1,,0,0,
24,10:35:00,10:45:00,1,2,,0,0,
25,10:55:00,11:00:00,2,1,,0,0,
25,11:05:00,11:15:00,1,2,,0,0,
26,11:25:00,11:30:00,2,1,,0,0,
26,11:35:00,11:45:00,1,2,,0,0,
27,11:55:00,12:00:00,2,1,,0,0,
27,12:05:00,12:15:00,1,2,,0,0,
28,12:25:00,12:30:00,2,1,,0,0,
28,12:35:00,12:45:00,1,2,,0,0,
29,13:25:00,13:30:00,2,1,,0,0,
29,13:35:00,13:45:00,1,2,,0,0,
30,13:55:00,14:00:00,2,1,,0,0,
30,14:05:00,14:15:00,1,2,,0,0,
304,05:20:00,05:45:00,6,1,,0,0,
304,05:50:00,06:00:00,5,2,,0,0,
305,05:14:00,05:15:00,5,1,,0,0,
305,05:20:00,05:30:00,6,2,,0,0,
306,05:25:00,05:30:00,6,1,,0,0,
306,05:35:00,05:45:00,5,2,,0,0,
307,05:35:00,05:45:00,5,1,,0,0,
307,05:50:00,06:00:00,6,2,,0,0,
308,05:50:00,06:00:00,6,1,,0,0,
308,06:05:00,06:10:00,5,2,,0,0,
309,06:05:00,06:10:00,5,1,,0,0,
309,06:15:00,06:25:00,6,2,,0,0,
31,14:25:00,14:30:00,2,1,,0,0,
31,14:35:00,14:45:00,1,2,,0,0,
310,06:15:00,06:25:00,6,1,,0,0,
310,06:29:00,06:30:00,5,2,,0,0,
311,06:29:00,06:30:00,5,1,,0,0,
311,06:35:00,06:40:00,6,2,,0,0,
312,06:35:00,06:40:00,6,1,,0,0,
312,06:45:00,06:50:00,5,2,,0,0,
313,06:45:00,06:50:00,5,1,,0,0,
313,06:55:00,07:10:00,6,2,,0,0,
314,07:05:00,07:10:00,6,1,,0,0,
314,07:14:00,07:15:00,5,2,,0,0,
315,07:14:00,07:15:00,5,1,,0,0,
315,07:20:00,07:25:00,6,2,,0,0,
316,07:20:00,07:25:00,6,1,,0,0,
316,07:30:00,07:35:00,5,2,,0,0,
317,07:30:00,07:35:00,5,1,,0,0,
317,07:40:00,07:45:00,6,2,,0,0,
318,07:40:00,07:45:00,6,1,,0,0,
318,07:50:00,07:55:00,5,2,,0,0,
319,07:50:00,07:55:00,5,1,,0,0,
319,08:00:00,08:20:00,6,2,,0,0,
32,14:55:00,15:00:00,2,1,,0,0,
32,15:05:00,15:15:00,1,2,,0,0,
320,08:00:00,08:20:00,6,1,,0,0,
320,08:25:00,08:30:00,5,2,,0,0,
321,08:25:00,08:30:00,5,1,,0,0,
321,08:35:00,08:50:00,6,2,,0,0,
322,08:35:00,08:50:00,6,1,,0,0,
322,08:55:00,09:00:00,5,2,,0,0,
323,08:55:00,09:00:00,5,1,,0,0,
323,09:05:00,09:20:00,6,2,,0,0,
324,09:05:00,09:20:00,6,1,,0,0,
324,09:25:00,09:30:00,5,2,,0,0,
325,09:25:00,09:30:00,5,1,,0,0,
325,09:35:00,09:50:00,6,2,,0,0,
326,09:35:00,09:50:00,6,1,,0,0,
326,09:55:00,10:00:00,5,2,,0,0,
327,09:55:00,10:00:00,5,1,,0,0,
327,10:05:00,10:20:00,6,2,,0,0,
328,10:05:00,10:20:00,6,1,,0,0,
328,10:25:00,10:30:00,5,2,,0,0,
329,10:25:00,10:30:00,5,1,,0,0,
329,10:35:00,10:50:00,6,2,,0,0,
33,15:25:00,15:30:00,2,1,,0,0,
33,15:35:00,15:45:00,1,2,,0,0,
330,10:35:00,10:50:00,6,1,,0,0,
330,10:55:00,11:00:00,5,2,,0,0,
331,10:55:00,11:00:00,5,1,,0,0,
331,11:05:00,11:20:00,6,2,,0,0,
332,11:05:00,11:20:00,6,1,,0,0,
332,11:25:00,11:30:00,5,2,,0,0,
333,11:25:00,11:30:00,5,1,,0,0,
333,11:35:00,11:50:00,6,2,,0,0,
334,11:35:00,11:50:00,6,1,,0,0,
334,11:55:00,12:00:00,5,2,,0,0,
335,11:55:00,12:00:00,5,1,,0,0,
335,12:05:00,12:20:00,6,2,,0,0,
336,12:05:00,12:20:00,6,1,,0,0,
336,12:25:00,12:30:00,5,2,,0,0,
337,12:24:00,12:25:00,5,1,,0,0,
337,12:30:00,12:40:00,6,2,,0,0,
338,12:30:00,12:40:00,6,1,,0,0,
338,12:45:00,13:15:00,5,2,,0,0,
339,12:45:00,13:15:00,5,1,,0,0,
339,13:19:00,13:20:00,6,2,,0,0,
34,15:55:00,16:00:00,2,1,,0,0,
34,16:05:00,16:15:00,1,2,,0,0,
340,13:19:00,13:20:00,6,1,,0,0,
340,13:25:00,13:30:00,5,2,,0,0,
341,13:25:00,13:30:00,5,1,,0,0,
341,13:35:00,13:50:00,6,2,,0,0,
342,13:35:00,13:50:00,6,1,,0,0,
342,13:55:00,14:00:00,5,2,,0,0,
343,13:55:00,14:00:00,5,1,,0,0,
343,14:05:00,14:20:00,6,2,,0,0,
344,14:05:00,14:20:00,6,1,,0,0,
344,14:25:00,14:30:00,5,2,,0,0,
345,14:25:00,14:30:00,5,1,,0,0,
345,14:35:00,14:50:00,6,2,,0,0,
346,14:35:00,14:50:00,6,1,,0,0,
346,14:55:00,15:00:00,5,2,,0,0,
347,14:55:00,15:00:00,5,1,,0,0,
347,15:05:00,15:20:00,6,2,,0,0,
348,15:05:00,15:20:00,6,1,,0,0,
348,15:25:00,15:30:00,5,2,,0,0,
349,15:25:00,15:30:00,5,1,,0,0,
349,15:35:00,15:50:00,6,2,,0,0,
35,16:25:00,16:30:00,2,1,,0,0,
35,16:35:00,16:45:00,1,2,,0,0,
350,15:35:00,15:50:00,6,1,,0,0,
350,15:55:00,16:00:00,5,2,,0,0,
351,15:55:00,16:00:00,5,1,,0,0,
351,16:05:00,16:20:00,6,2,,0,0,
352,16:05:00,16:20:00,6,1,,0,0,
352,16:25:00,16:30:00,5,2,,0,0,
353,16:25:00,16:30:00,5,1,,0,0,
353,16:35:00,16:50:00,6,2,,0,0,
354,16:35:00,16:50:00,6,1,,0,0,
354,16:55:00,17:00:00,5,2,,0,0,
355,16:55:00,17:00:00,5,1,,0,0,
355,17:05:00,17:20:00,6,2,,0,0,
356,17:05:00,17:20:00,6,1,,0,0,
356,17:25:00,17:30:00,5,2,,0,0,
357,17:25:00,17:30:00,5,1,,0,0,
357,17:35:00,17:50:00,6,2,,0,0,
358,17:35:00,17:50:00,6,1,,0,0,
358,17:55:00,18:00:00,5,2,,0,0,
359,17:55:00,18:00:00,5,1,,0,0,
359,18:05:00,18:20:00,6,2,,0,0,
36,16:55:00,17:00:00,2,1,,0,0,
36,17:05:00,17:15:00,1,2,,0,0,
360,18:05:00,18:20:00,6,1,,0,0,
360,18:25:00,18:30:00,5,2,,0,0,
361,18:25:00,18:30:00,5,1,,0,0,
361,18:35:00,18:50:00,6,2,,0,0,
362,18:35:00,18:50:00,6,1,,0,0,
362,18:55:00,19:00:00,5,2,,0,0,
363,18:55:00,19:00:00,5,1,,0,0,
363,19:05:00,19:20:00,6,2,,0,0,
364,19:05:00,19:20:00,6,1,,0,0,
364,19:25:00,19:30:00,5,2,,0,0,
365,19:25:00,19:30:00,5,1,,0,0,
365,19:35:00,19:50:00,6,2,,0,0,
366,19:35:00,19:50:00,6,1,,0,0,
366,19:55:00,20:00:00,5,2,,0,0,
367,19:55:00,20:00:00,5,1,,0,0,
367,20:05:00,20:20:00,6,2,,0,0,
368,20:05:00,20:30:00,6,1,,0,0,
368,20:35:00,20:45:00,5,2,,0,0,
369,20:35:00,20:45:00,5,1,,0,0,
369,20:50:00,21:10:00,6,2,,0,0,
37,06:25:00,06:30:00,3,1,,0,0,
37,06:35:00,06:40:00,4,2,,0,0,
370,20:50:00,21:10:00,6,1,,0,0,
370,21:14:00,21:15:00,5,2,,0,0,
371,21:15:00,21:15:00,5,1,,0,0,
371,21:20:00,22:00:00,6,2,,0,0,
372,21:20:00,22:00:00,6,1,,0,0,
372,22:05:00,22:10:00,5,2,,0,0,
373,22:05:00,22:10:00,5,1,,0,0,
373,22:15:00,22:25:00,6,2,,0,0,
374,22:15:00,22:25:00,6,1,,0,0,
374,22:30:00,22:45:00,5,2,,0,0,
375,22:30:00,22:45:00,5,1,,0,0,
375,22:50:00,23:00:00,6,2,,0,0,
376,22:50:00,23:00:00,6,1,,0,0,
376,23:05:00,23:05:00,5,2,,0,0,
38,06:35:00,06:40:00,4,1,,0,0,
38,06:45:00,07:10:00,3,2,,0,0,
5,04:55:00,05:00:00,3,1,,0,0,
5,05:05:00,05:10:00,4,2,,0,0,
506,06:45:00,07:10:00,3,1,,0,0,
506,07:15:00,07:20:00,4,2,,0,0,
507,07:15:00,07:20:00,4,1,,0,0,
507,07:25:00,07:40:00,3,2,,0,0,
508,07:55:00,08:00:00,3,1,,0,0,
508,08:04:00,08:05:00,4,2,,0,0,
509,08:04:00,08:05:00,4,1,,0,0,
509,08:09:00,08:10:00,3,2,,0,0,
510,12:15:00,12:30:00,3,1,,0,0,
510,12:35:00,13:15:00,4,2,,0,0,
511,21:05:00,21:30:00,4,1,,0,0,
511,21:35:00,22:00:00,3,2,,0,0,
512,22:05:00,22:20:00,4,1,,0,0,
512,22:25:00,22:45:00,3,2,,0,0,
513,22:25:00,22:45:00,3,1,,0,0,
513,22:50:00,23:00:00,4,2,,0,0,
514,22:50:00,23:00:00,4,1,,0,0,
514,23:05:00,23:05:00,3,2,,0,0,
515,05:15:00,05:20:00,3,1,,0,0,
515,05:25:00,05:45:00,4,2,,0,0,
516,07:05:00,07:15:00,4,1,,0,0,
516,07:20:00,07:40:00,3,2,,0,0,
6,05:05:00,05:10:00,4,1,,0,0,
6,05:15:00,05:30:00,3,2,,0,0,
7,05:25:00,05:45:00,4,1,,0,0,
7,05:50:00,06:00:00,3,2,,0,0,
79,17:25:00,17:30:00,2,1,,0,0,
79,17:35:00,17:45:00,1,2,,0,0,
8,06:25:00,07:00:00,3,1,,0,0,
8,07:05:00,07:15:00,4,2,,0,0,
80,17:55:00,18:00:00,2,1,,0,0,
80,18:05:00,18:15:00,1,2,,0,0,
81,18:25:00,18:30:00,2,1,,0,0,
81,18:35:00,18:45:00,1,2,,0,0,
82,18:55:00,19:00:00,2,1,,0,0,
82,19:05:00,19:15:00,1,2,,0,0,
83,19:25:00,19:30:00,2,1,,0,0,
83,19:35:00,19:45:00,1,2,,0,0,
84,19:55:00,20:00:00,2,1,,0,0,
84,20:05:00,20:15:00,1,2,,0,0,
85,20:25:00,20:30:00,2,1,,0,0,
85,20:35:00,20:45:00,1,2,,0,0,
86,20:55:00,21:00:00,2,1,,0,0,
86,21:05:00,21:15:00,1,2,,0,0,
87,07:05:00,07:15:00,1,1,,0,0,
87,07:20:00,07:30:00,2,2,,0,0,
88,07:35:00,07:45:00,1,1,,0,0,
88,07:50:00,08:00:00,2,2,,0,0,
89,08:05:00,08:15:00,1,1,,0,0,
89,08:20:00,08:30:00,2,2,,0,0,
9,04:55:00,05:00:00,5,1,,0,0,
9,05:05:00,05:10:00,6,2,,0,0,
90,08:35:00,08:45:00,1,1,,0,0,
90,08:50:00,09:00:00,2,2,,0,0,
91,09:05:00,09:15:00,1,1,,0,0,
91,09:20:00,09:30:00,2,2,,0,0,
92,09:35:00,09:45:00,1,1,,0,0,
92,09:50:00,10:00:00,2,2,,0,0,
93,10:05:00,10:15:00,1,1,,0,0,
93,10:20:00,10:30:00,2,2,,0,0,
94,10:35:00,10:45:00,1,1,,0,0,
94,10:50:00,11:00:00,2,2,,0,0,
95,11:05:00,11:15:00,1,1,,0,0,
95,11:20:00,11:30:00,2,2,,0,0,
96,11:35:00,11:45:00,1,1,,0,0,
96,11:50:00,12:00:00,2,2,,0,0,
97,12:05:00,12:15:00,1,1,,0,0,
97,12:20:00,12:30:00,2,2,,0,0,
98,12:35:00,12:45:00,1,1,,0,0,
98,12:50:00,13:00:00,2,2,,0,0,
99,13:35:00,13:45:00,1,1,,0,0,
99,13:50:00,14:00:00,2,2,,0,0,
